     193511
         87
        275
         62
      82754
     141467
       8612
        539
       2314
    8671515
        134
    4084420
          5
      72040
     796329
    2663250
       5236
    3959931
       4850
     722044
         56
         73
        299
    5443348
      20009
         79
    3488428
         27
      51528
      78401
      70761
          1
     166520
      40743
      29525
          4
          7
        338
     573586
     255119
     442298
        876
       7838
     145950
     624561
        756
      55790
         68
    8816157
       3234
       4802
    1838538
        389
         71
         34
      19636
    6573222
         27
          1
          6
         82
     408577
      22055
    4909020
       1807
          1
     145345
      41318
          6
        611
    5266397
          3
         14
          3
         26
        789
        118
    3726251
         24
      75271
         72
    4113528
          4
       7943
      52302
     374188
         72
         54
        209
       2225
